;BEN;distancia_centroide;CO;MXIL;NO2;NO;O3;PM2_5;SO2;TOL
0;;302.50679569166704;;;96.0;;;;;
1;;94.68006431922016;;;;93.0;;;;
2;;165.74843832639874;;;;112.0;;;;
3;;97.26595505298027;;;;101.0;;;;
4;;191.030763971775;;;;169.0;;;;
5;;96.92257386541665;;;;104.0;;;;
6;;86.45570239844542;;;;90.0;;;;
7;;91.89749266951586;;;;94.0;;;;
8;;191.1699161574331;;;;170.0;;;;
9;;102.10701318067669;;;;112.0;;;;
10;;170.174262882611;;;;143.0;;;;
11;;113.99168392540396;;;;107.0;;;;
12;;88.73056089403072;;;;82.0;;;;
13;;84.61225409995427;;;;83.0;;;;
14;;95.48364445780084;;;;85.0;;;;
15;;101.63965282792071;;;;95.0;;;;
16;;84.25664584464174;;;;79.0;;;;
17;;108.04843085856692;;;;115.0;;;;
18;;160.78173883759314;;;;121.0;;;;
19;;182.62005336665524;;;;151.0;;;;
20;;193.21040566087532;;;;167.0;;;;
21;;96.44126385295661;;;;106.0;;;;
22;;101.13171072063213;;;;105.0;;;;
23;;97.74558870585996;;;;85.0;;;;
24;;163.65087766229672;;;;118.0;;;;
25;;92.78288883362914;;;;94.0;;;;
26;;83.25130709982616;;;;81.0;;;;
27;;167.81675323888257;;;;133.0;;;;
28;;101.61541379655046;;;;89.0;;;;
29;;95.49775453165147;;;;85.0;;;;
30;;91.8326713831899;;;;92.0;;;;
31;;84.69654471311674;;;;92.0;;;;
32;;85.3061798552766;;;;92.0;;;;
33;;100.61648982042607;;;;100.0;;;;
34;;91.99759315664163;;;;79.0;;;;
35;;104.66588363161438;;;;101.0;;;;
36;;185.9009976617662;;;;163.0;;;;
37;;174.08378819304227;;;;129.0;;;;
38;;80.40002217248708;;;;80.0;;;;
39;;162.13982253487268;;;;119.0;;;;
40;;171.63828787202465;;;;141.0;;;;
41;;172.27563691839887;;;;138.0;;;;
42;;92.76175000487298;;;;98.0;;;;
43;;85.73189741181264;;;;81.0;;;;
44;;96.71032713925685;;;;98.0;;;;
45;;183.50891297056938;;;;163.0;;;;
46;;90.23198214274956;;;;101.0;;;;
47;;88.67777478678354;;;;86.0;;;;
48;;93.63356273208142;;;;90.0;;;;
49;;98.16097381781381;;;;98.0;;;;
50;;164.27527044458031;;;;129.0;;;;
51;;82.39428897254199;;;;89.0;;;;
52;;85.15764162142837;;;;88.0;;;;
53;;90.63178762888181;;;;91.0;;;;
54;;178.1597185551212;;;;147.0;;;;
55;;99.07984485355232;;;;95.0;;;;
56;;183.09967426415594;;;;158.0;;;;
57;;302.50679569166704;;;;309.0;;;;
58;;161.65938131651995;;;;126.0;;;;
59;;86.32291600137388;;;;86.0;;;;
60;;172.35625931088202;;;;145.0;;;;
61;;82.96197921072134;;;;83.0;;;;
62;;225.70648500129542;;;;221.0;;;;
63;;167.51858540365006;;;;135.0;;;;
64;;94.16057512221104;;;;85.0;;;;
65;;90.57644451989765;;;;92.92;;;;
66;;85.09707388926189;;;;86.14;;;;
67;;178.54602252539823;;;;151.0;;;;
68;;164.39164369164268;;;;118.37;;;;
69;;96.89419490338771;;;;98.67;;;;
70;;166.9060009815106;;;;123.04;;;;
71;;98.6681797538093;;;;104.87;;;;
72;;163.22641494451813;;;;120.91;;;;
73;;83.18448319721936;;;;83.12;;;;
74;;98.75166945952954;;;;97.46;;;;
75;;93.32679109756906;;;;96.17;;;;
76;;157.42206993823964;;;;116.79;;;;
77;;186.42318251666018;;;;170.41;;;;
78;;105.64914561410036;;;;97.58;;;;
79;;104.67952846640209;;;;111.3;;;;
80;;160.94746435915047;;;;122.08;;;;
81;;97.82712715705276;;;;96.25;;;;
82;;88.0566390063746;;;;79.08;;;;
83;;84.68748637995273;;;;82.62;;;;
84;;91.06473636469845;;;;96.67;;;;
85;;86.76651243656684;;;;88.12;;;;
86;;101.80401184801174;;;;107.6;;;;
87;;171.6910426890116;;;;142.54;;;;
88;;90.58558519316675;;;;86.58;;;;
89;;101.89725103521077;;;;109.62;;;;
90;;158.8293283485138;;;;119.62;;;;
91;;166.15041185516213;;;;131.29;;;;
92;;81.26709106393528;;;;90.38;;;;
93;;99.47810242989817;;;;103.08;;;;
94;;194.71596415199244;;;;177.5;;;;
95;;189.8355068042857;;;;169.95;;;;
96;;283.1383302974714;;;;291.5;;;;
97;;97.70337761693045;;;;102.0;;;;
98;;172.04717220471832;;;;140.0;;;;
99;;91.15779053837747;;;;94.0;;;;
100;;180.66733568534187;;;;155.0;;;;
101;;175.7432298429729;;;;144.0;;;;
102;;87.41559494340251;;;;86.0;;;;
103;;187.2936043853073;;;;167.0;;;;
104;;98.23613649174625;;;;109.0;;;;
105;;170.5794453960969;;;;138.0;;;;
106;;159.89924905277076;;;;121.0;;;;
107;;92.12571076059405;;;;92.0;;;;
108;;164.450888011102;;;;134.0;;;;
109;;92.50256153700388;;;;92.0;;;;
110;;82.06708532999183;;;;80.0;;;;
111;;86.51341170365335;;;;82.0;;;;
112;;83.9878952386292;;;;80.0;;;;
113;;102.04579017196365;;;;110.0;;;;
114;;100.99273020558219;;;;107.0;;;;
115;;89.20924849439429;;;;85.0;;;;
116;;97.65212437533953;;;;99.0;;;;
117;;92.2890240882571;;;;90.0;;;;
118;;87.37192116873366;;;;81.0;;;;
119;;179.38764889378535;;;;150.0;;;;
120;;82.03821197056456;;;;99.0;;;;
121;;86.65561730781518;;;;84.0;;;;
122;;199.28354144695442;;;;182.0;;;;
123;;161.60751400736294;;;;116.0;;;;
124;;105.65024559630781;;;;111.0;;;;
125;;87.75036828575813;;;;80.0;;;;
126;;100.57540754468428;;;;100.0;;;;
127;;99.0474283999456;;;;98.0;;;;
128;;193.86348171752206;;;;169.0;;;;
129;;172.35464758352182;;;;136.0;;;;
130;;163.99725228076235;;;;117.0;;;;
131;;90.52257182398573;;;;81.0;;;;
132;;107.8021093165573;;;;88.0;;;;
133;;172.63352499338012;;;;128.0;;;;
134;;95.80350219069803;;;;90.0;;;;
135;;87.84338040693875;;;;80.0;;;;
136;;97.94381697017945;;;;91.0;;;;
137;;91.66213723908012;;;;88.0;;;;
138;;99.55162058105124;;;;96.0;;;;
139;;90.45399978557367;;;;86.0;;;;
140;;91.2079612304783;;;;83.0;;;;
141;;83.32352688669079;;;;;80.0;;;
142;;85.89488875896517;;;;;80.0;;;
